wavelength_coefficient = 0.123051
wavelength_offset = 288.032873
